'''
best_fitness: [[17.0, 36.0, 52.0, 71.0, 50.0, 71.0, 85.0, 33.0, 36.0, 37.0], [13.0, 35.0, 52.0, 72.0, 90.0, 97.0, 35.0, 36.0, 37.0, 26.0], [17.0, 36.0, 54.0, 73.0, 91.0, 110.0, 124.0, 147.0, 165.0, 100.0], [17.0, 36.0, 49.0, 64.0, 73.0, 85.0, 92.0, 102.0, 119.0, 35.0]] 

time_elapsed: [[0.022815942764282227, 0.04463791847229004, 0.08683490753173828, 0.16052508354187012, 0.14179086685180664, 0.16603589057922363, 0.1534419059753418, 0.12450408935546875, 0.16787409782409668, 0.16161394119262695], [0.04077911376953125, 0.044577836990356445, 0.051187992095947266, 0.06598877906799316, 0.06769514083862305, 0.07865071296691895, 0.09856700897216797, 0.10496282577514648, 0.11673808097839355, 0.1269240379333496], [1.4996368885040283, 1.7585017681121826, 1.9833011627197266, 2.81620192527771, 2.615816354751587, 6.031920909881592, 4.632102966308594, 15.042387008666992, 4.638084173202515, 4.1858601570129395], [3.9778802394866943, 14.99754786491394, 34.93404793739319, 68.69438314437866, 96.48820304870605, 183.20480728149414, 175.7452790737152, 291.1968960762024, 291.6752531528473, 379.3283181190491]] 
'''



'''
best
best_fitness: [[17.0, 36.0, 52.0, 71.0, 50.0, 71.0, 85.0, 33.0, 36.0, 37.0], [10.0, 36.0, 54.0, 73.0, 87.0, 60.0, 123.0, 79.0, 37.0, 88.0], [17.0, 35.0, 30.0, 27.0, 10.0, 19.0, 19.0, 12.0, 33.0, 18.0], [14.0, 27.0, 10.0, 10.0, 65.0, 10.0, 12.0, 12.0, 15.0, 13.0]] 

time_elapsed: [[0.025812387466430664, 0.04369378089904785, 0.08390212059020996, 0.1359567642211914, 0.14775300025939941, 0.174605131149292, 0.17287993431091309, 0.13492298126220703, 0.1750478744506836, 0.16672515869140625], [0.003982067108154297, 0.010701179504394531, 0.010830163955688477, 0.03515005111694336, 0.07979393005371094, 0.044213056564331055, 0.0877230167388916, 0.09644174575805664, 0.11622285842895508, 0.12685298919677734], [0.06597566604614258, 0.33927178382873535, 0.2924840450286865, 0.18111801147460938, 0.19720697402954102, 0.15604591369628906, 0.22290706634521484, 0.10307192802429199, 0.44252967834472656, 0.21018385887145996], [3.455925941467285, 13.647807121276855, 30.090617895126343, 54.970792055130005, 85.06699991226196, 124.25644183158875, 167.75240325927734, 213.53586101531982, 259.9086899757385, 322.67665100097656]] 
'''