    
'''
best_fitness: [[216.76460239347762, 545.7897642864103, 807.3700011033075, 0.0, 1317.8475454483635, 0.0, 0.0, 1418.6395636002267, 0.0, 0.0], [98.72103306018988, 504.2578229071821, 684.4172739755386, 891.1438221245612, 1099.5897223032334, 974.5273342118023, 1440.8068024260415, 1554.5174578642689, 0.0, 0.0], [283.2540410687801, 732.1215130162134, 1089.2313057613467, 1500.6316269979825, 1671.935649567809, 1729.0038638028982, 2460.345631167516, 2589.43657723951, 2990.1438743605777, 3243.6627826081267], [266.72460526044824, 694.9947219109732, 924.319460576162, 1199.8056034590206, 1340.3291669311957, 1327.2995178065994, 1822.6494852632904, 1788.2592682708182, 2137.227695494165, 2267.4847213280646]] 

time_elapsed: [[0.02588963508605957, 0.023534059524536133, 0.024074077606201172, 0.023888826370239258, 0.023699045181274414, 0.022564172744750977, 0.023640155792236328, 0.025181055068969727, 0.026202917098999023, 0.025043964385986328], [0.0035631656646728516, 0.0034461021423339844, 0.004415035247802734, 0.010696172714233398, 0.004797220230102539, 0.00878000259399414, 0.06419801712036133, 0.028932809829711914, 0.0779120922088623, 0.06208181381225586], [1.3937759399414062, 1.4292247295379639, 1.6359989643096924, 1.693033218383789, 2.2430691719055176, 2.0182058811187744, 4.131371021270752, 3.3245532512664795, 2.809394121170044, 3.426741123199463], [3.464962959289551, 21.026222944259644, 53.107815742492676, 69.51243686676025, 147.10709810256958, 148.5899908542633, 370.83378505706787, 254.46106004714966, 525.5709199905396, 520.7583110332489]] 

'''


#New
'''
best_fitness: [[248.58563662128023, 590.7438897413726, 767.29020706862, 696.8997752795156, 1084.6018403454254, 0.0, 0.0, 0.0, 0.0, 2310.8109112671577], [223.26848673389082, 534.7830621199962, 514.4511126216239, 1047.3489999180636, 948.3449923806596, 1024.1484084641147, 1520.8319381311605, 1461.6976609813414, 0.0, 2012.1104399289427], [272.1018392680991, 640.0469836297776, 841.7098431415367, 987.2179137767444, 1061.3400062722426, 1094.8280962188596, 1274.4980722834835, 1645.0514531059202, 0.0, 2187.9702385278542], [290.5008566895725, 746.4465717787829, 872.7950660622681, 1186.5062224993985, 1360.6891959528111, 1361.7173162278434, 1755.452394797141, 1809.7892545357704, 2201.162573196767, 2749.2039779106985]] 

time_elapsed: [[0.009195089340209961, 0.004864931106567383, 0.004384040832519531, 0.004300117492675781, 0.004700899124145508, 0.0036878585815429688, 0.003901958465576172, 0.0038950443267822266, 0.0039060115814208984, 0.004019260406494141], [0.0012271404266357422, 0.0007328987121582031, 0.001363992691040039, 0.008635997772216797, 0.007967948913574219, 0.034548044204711914, 0.05511188507080078, 0.04923510551452637, 0.05924391746520996, 0.03972196578979492], [0.017322063446044922, 0.027449846267700195, 0.02819204330444336, 0.021112918853759766, 0.02524590492248535, 0.027942180633544922, 0.03256797790527344, 0.026775121688842773, 0.010236024856567383, 0.03405594825744629], [0.7569410800933838, 4.74404501914978, 8.599562883377075, 18.5397629737854, 39.543837785720825, 42.40414214134216, 45.20498871803284, 56.701598167419434, 50.00492596626282, 139.17941403388977]] 
'''