atio of Train Sizes Mean Train Score [0.84367816 0.81714286 0.80532319 0.80911681 0.80364465 0.80494297
 0.80651466 0.81054131 0.80860759 0.81070615] 

Ratio of Train Sizes Mean Test Score [0.71326276 0.73049813 0.7331922  0.74138232 0.74506434 0.74779161
 0.7541594  0.74870901 0.74323786 0.73597758] 


 BaseEstimator.get_params of MLPClassifier(hidden_layer_sizes=60, learning_rate_init=0.0001, max_iter=1000,
              random_state=10)>
 
 
 
 

<bound method BaseEstimator.get_params of MLPClassifier(hidden_layer_sizes=60, learning_rate_init=0.0001, max_iter=1000,
              random_state=10)>
scores_train_epoch [0.8075170842824602, 0.8075170842824602, 0.8086560364464692, 0.8086560364464692, 0.8086560364464692, 0.8086560364464692, 0.8086560364464692, 0.8086560364464692, 0.8086560364464692, 0.8086560364464692, 0.8086560364464692, 0.8086560364464692, 0.8086560364464692, 0.8086560364464692, 0.806378132118451, 0.8075170842824602, 0.8075170842824602, 0.8086560364464692, 0.8086560364464692, 0.8041002277904328, 0.8041002277904328, 0.8041002277904328, 0.8041002277904328, 0.8041002277904328, 0.8041002277904328, 0.8041002277904328, 0.8041002277904328, 0.8041002277904328, 0.8041002277904328, 0.8052391799544419, 0.8052391799544419, 0.8052391799544419, 0.8052391799544419, 0.8052391799544419, 0.8052391799544419, 0.806378132118451, 0.806378132118451, 0.806378132118451, 0.806378132118451, 0.806378132118451, 0.806378132118451, 0.806378132118451, 0.8075170842824602, 0.8075170842824602, 0.8086560364464692, 0.8086560364464692, 0.8086560364464692, 0.8086560364464692, 0.8086560364464692, 0.8086560364464692, 0.8086560364464692, 0.8086560364464692, 0.8086560364464692, 0.8086560364464692, 0.8086560364464692, 0.8086560364464692, 0.8086560364464692, 0.8086560364464692, 0.8086560364464692, 0.8086560364464692, 0.8086560364464692, 0.8132118451025057, 0.8132118451025057, 0.8132118451025057, 0.8132118451025057, 0.8143507972665148, 0.8143507972665148, 0.8143507972665148, 0.8143507972665148, 0.8143507972665148, 0.8143507972665148, 0.8143507972665148, 0.8143507972665148, 0.8143507972665148, 0.8143507972665148, 0.8143507972665148, 0.8143507972665148, 0.8143507972665148, 0.8143507972665148, 0.8143507972665148, 0.8143507972665148, 0.8143507972665148, 0.8143507972665148, 0.8143507972665148, 0.8143507972665148, 0.8143507972665148, 0.8143507972665148, 0.8143507972665148, 0.8143507972665148, 0.8143507972665148, 0.8143507972665148, 0.8143507972665148, 0.8143507972665148, 0.8143507972665148, 0.8143507972665148, 0.8143507972665148, 0.8143507972665148, 0.8143507972665148, 0.8143507972665148, 0.8143507972665148, 0.8143507972665148, 0.8143507972665148, 0.8143507972665148, 0.8143507972665148, 0.8143507972665148, 0.8143507972665148, 0.8143507972665148, 0.8143507972665148, 0.8143507972665148, 0.8143507972665148, 0.8143507972665148, 0.8143507972665148, 0.8143507972665148, 0.8143507972665148, 0.8143507972665148, 0.8143507972665148, 0.8143507972665148, 0.8143507972665148, 0.8143507972665148, 0.8143507972665148, 0.8143507972665148, 0.8143507972665148, 0.8143507972665148, 0.8143507972665148, 0.8143507972665148, 0.8143507972665148, 0.8143507972665148, 0.8143507972665148, 0.8143507972665148, 0.8143507972665148, 0.8143507972665148, 0.8143507972665148, 0.8143507972665148, 0.8143507972665148, 0.8143507972665148, 0.8143507972665148, 0.8143507972665148, 0.8143507972665148, 0.8143507972665148, 0.8143507972665148, 0.8143507972665148, 0.8143507972665148, 0.8143507972665148, 0.8143507972665148, 0.8143507972665148, 0.8143507972665148, 0.8143507972665148, 0.8143507972665148, 0.8143507972665148, 0.8143507972665148, 0.8143507972665148, 0.8143507972665148, 0.8143507972665148, 0.8143507972665148, 0.8143507972665148, 0.8143507972665148, 0.8143507972665148, 0.8143507972665148, 0.8143507972665148, 0.8143507972665148, 0.8143507972665148, 0.8143507972665148, 0.8143507972665148, 0.8143507972665148, 0.8143507972665148, 0.8143507972665148, 0.8143507972665148, 0.8143507972665148, 0.8143507972665148, 0.8143507972665148, 0.8143507972665148, 0.8143507972665148, 0.8143507972665148, 0.8143507972665148, 0.8143507972665148, 0.8143507972665148, 0.8143507972665148, 0.8143507972665148, 0.8143507972665148, 0.8143507972665148, 0.8143507972665148, 0.8143507972665148, 0.8143507972665148, 0.8143507972665148, 0.8143507972665148, 0.8143507972665148, 0.8132118451025057, 0.8132118451025057, 0.8132118451025057, 0.8132118451025057, 0.8132118451025057, 0.8132118451025057, 0.8132118451025057, 0.8132118451025057, 0.8132118451025057, 0.8132118451025057, 0.8132118451025057, 0.8132118451025057, 0.8132118451025057, 0.8132118451025057, 0.8132118451025057, 0.8132118451025057, 0.8132118451025057, 0.8132118451025057, 0.8132118451025057, 0.8132118451025057, 0.8132118451025057, 0.8132118451025057, 0.8132118451025057, 0.8132118451025057, 0.8132118451025057, 0.8132118451025057, 0.8132118451025057, 0.8143507972665148, 0.8143507972665148, 0.8143507972665148, 0.8143507972665148, 0.8143507972665148, 0.8143507972665148, 0.8143507972665148, 0.8143507972665148, 0.8143507972665148, 0.8143507972665148, 0.8143507972665148, 0.8143507972665148, 0.8143507972665148, 0.8143507972665148, 0.8143507972665148, 0.8143507972665148, 0.8143507972665148, 0.8143507972665148, 0.8143507972665148, 0.8143507972665148, 0.8143507972665148, 0.8143507972665148, 0.8143507972665148, 0.8143507972665148, 0.8143507972665148, 0.8143507972665148, 0.8143507972665148, 0.8143507972665148, 0.8143507972665148, 0.8143507972665148, 0.8143507972665148, 0.8143507972665148, 0.8143507972665148, 0.8143507972665148, 0.8143507972665148, 0.8143507972665148, 0.8143507972665148, 0.8143507972665148, 0.8143507972665148, 0.8143507972665148, 0.8143507972665148, 0.8143507972665148, 0.8143507972665148, 0.8143507972665148, 0.8143507972665148, 0.8143507972665148, 0.8143507972665148, 0.8143507972665148, 0.8143507972665148, 0.8143507972665148, 0.8143507972665148, 0.8143507972665148, 0.8154897494305239, 0.8154897494305239, 0.816628701594533, 0.816628701594533, 0.816628701594533, 0.816628701594533, 0.816628701594533, 0.816628701594533, 0.816628701594533, 0.816628701594533, 0.816628701594533, 0.816628701594533, 0.816628701594533, 0.816628701594533, 0.816628701594533, 0.816628701594533, 0.816628701594533, 0.816628701594533, 0.816628701594533, 0.816628701594533, 0.816628701594533, 0.816628701594533, 0.816628701594533, 0.816628701594533, 0.816628701594533, 0.816628701594533, 0.816628701594533, 0.816628701594533, 0.816628701594533, 0.816628701594533, 0.816628701594533, 0.8177676537585421, 0.8177676537585421, 0.8177676537585421, 0.8177676537585421]
scores_val_epoch [0.8045454545454546, 0.8045454545454546, 0.8045454545454546, 0.8045454545454546, 0.8045454545454546, 0.8045454545454546, 0.8045454545454546, 0.8045454545454546, 0.8045454545454546, 0.8045454545454546, 0.8090909090909091, 0.8090909090909091, 0.8090909090909091, 0.8090909090909091, 0.8090909090909091, 0.8090909090909091, 0.8136363636363636, 0.8136363636363636, 0.8136363636363636, 0.8136363636363636, 0.8136363636363636, 0.8136363636363636, 0.8136363636363636, 0.8136363636363636, 0.8136363636363636, 0.8136363636363636, 0.8136363636363636, 0.8136363636363636, 0.8136363636363636, 0.8136363636363636, 0.8136363636363636, 0.8136363636363636, 0.8136363636363636, 0.8136363636363636, 0.8136363636363636, 0.8136363636363636, 0.8136363636363636, 0.8136363636363636, 0.8136363636363636, 0.8136363636363636, 0.8136363636363636, 0.8136363636363636, 0.8136363636363636, 0.8136363636363636, 0.8136363636363636, 0.8136363636363636, 0.8136363636363636, 0.8136363636363636, 0.8136363636363636, 0.8136363636363636, 0.8136363636363636, 0.8136363636363636, 0.8136363636363636, 0.8136363636363636, 0.8136363636363636, 0.8136363636363636, 0.8136363636363636, 0.8136363636363636, 0.8136363636363636, 0.8136363636363636, 0.8136363636363636, 0.8, 0.8, 0.8, 0.8, 0.8, 0.8, 0.8, 0.8, 0.8, 0.8, 0.8, 0.8, 0.8, 0.8, 0.8, 0.8045454545454546, 0.8045454545454546, 0.8045454545454546, 0.8045454545454546, 0.8045454545454546, 0.8045454545454546, 0.8045454545454546, 0.8045454545454546, 0.8045454545454546, 0.8045454545454546, 0.8045454545454546, 0.8045454545454546, 0.8045454545454546, 0.8045454545454546, 0.8045454545454546, 0.8045454545454546, 0.8045454545454546, 0.8045454545454546, 0.8045454545454546, 0.8045454545454546, 0.8045454545454546, 0.8045454545454546, 0.8045454545454546, 0.8045454545454546, 0.8045454545454546, 0.8045454545454546, 0.8045454545454546, 0.8045454545454546, 0.8045454545454546, 0.8045454545454546, 0.8045454545454546, 0.8045454545454546, 0.8045454545454546, 0.8045454545454546, 0.8045454545454546, 0.8045454545454546, 0.8045454545454546, 0.8045454545454546, 0.8045454545454546, 0.8045454545454546, 0.8045454545454546, 0.8045454545454546, 0.8045454545454546, 0.8045454545454546, 0.8045454545454546, 0.8045454545454546, 0.8045454545454546, 0.8045454545454546, 0.8045454545454546, 0.8045454545454546, 0.8045454545454546, 0.8045454545454546, 0.8045454545454546, 0.8045454545454546, 0.8045454545454546, 0.8045454545454546, 0.8045454545454546, 0.8045454545454546, 0.8045454545454546, 0.8045454545454546, 0.8045454545454546, 0.8045454545454546, 0.8045454545454546, 0.8045454545454546, 0.8045454545454546, 0.8045454545454546, 0.8045454545454546, 0.8045454545454546, 0.8045454545454546, 0.8045454545454546, 0.8045454545454546, 0.8045454545454546, 0.8045454545454546, 0.8045454545454546, 0.8045454545454546, 0.8045454545454546, 0.8045454545454546, 0.8045454545454546, 0.8045454545454546, 0.8045454545454546, 0.8045454545454546, 0.8045454545454546, 0.8045454545454546, 0.8045454545454546, 0.8045454545454546, 0.8045454545454546, 0.8045454545454546, 0.8045454545454546, 0.8045454545454546, 0.8045454545454546, 0.8045454545454546, 0.8045454545454546, 0.8045454545454546, 0.8045454545454546, 0.8045454545454546, 0.8045454545454546, 0.8045454545454546, 0.8045454545454546, 0.8045454545454546, 0.8045454545454546, 0.8045454545454546, 0.8045454545454546, 0.8045454545454546, 0.8045454545454546, 0.8045454545454546, 0.8045454545454546, 0.8045454545454546, 0.8045454545454546, 0.8045454545454546, 0.8045454545454546, 0.8, 0.8, 0.8, 0.8, 0.8, 0.8, 0.8, 0.8, 0.8, 0.8, 0.8, 0.8, 0.8, 0.8, 0.8, 0.8, 0.8, 0.8, 0.8, 0.8, 0.8, 0.8, 0.8, 0.8, 0.8, 0.8, 0.8, 0.8, 0.8, 0.8, 0.8, 0.8, 0.8, 0.8, 0.8, 0.8, 0.8, 0.8, 0.8, 0.8, 0.8, 0.8, 0.8, 0.8, 0.8, 0.8, 0.8, 0.8, 0.8, 0.8, 0.8, 0.8, 0.8, 0.8, 0.8, 0.8, 0.8, 0.8, 0.8, 0.8, 0.8, 0.8, 0.8, 0.8, 0.8, 0.8, 0.8, 0.8, 0.8, 0.8, 0.8, 0.8, 0.8, 0.8, 0.8, 0.8, 0.8, 0.8, 0.8, 0.8, 0.8, 0.8, 0.8, 0.8, 0.8, 0.8, 0.8, 0.8, 0.8, 0.8, 0.8, 0.8, 0.8, 0.8, 0.8, 0.8, 0.8, 0.8, 0.8, 0.8, 0.8, 0.8, 0.8, 0.8, 0.8, 0.8, 0.8, 0.8, 0.8, 0.8, 0.8, 0.8, 0.8, 0.8]
loss [0.8283995960235537, 0.8229990175136259, 0.8176954756827753, 0.8125125764268367, 0.8074122757745787, 0.802284140811988, 0.7973315866485209, 0.7924887383639639, 0.7874315034437723, 0.7827970143684219, 0.7780100453113903, 0.7734013587511226, 0.7687866960201571, 0.7643153052599579, 0.7597564420999369, 0.7553572127481023, 0.7509850753108535, 0.746652966605174, 0.7423581758499378, 0.7382157066100444, 0.7342048188004152, 0.7299077992556604, 0.7260346767817516, 0.7220637056207707, 0.7179785796618541, 0.7142647190374861, 0.7104405249127395, 0.7066409716264835, 0.7030470739594569, 0.6993513992588083, 0.6958450056168073, 0.6923667057329755, 0.6888610598309871, 0.6855766416962134, 0.6821176033366753, 0.6788952052059111, 0.6756036624536015, 0.6724003480379792, 0.6693458799959583, 0.6662128872630461, 0.6631947662277536, 0.6602734271671622, 0.6572256112247289, 0.6543499451157183, 0.6514665196150011, 0.6486198986415554, 0.6458623835462166, 0.6431108389672268, 0.6404197621043473, 0.6377492537125666, 0.6351621916899305, 0.6326511906293281, 0.6300764887856991, 0.6276000013952425, 0.6251570729442165, 0.6227487146208062, 0.6203536632127804, 0.6179264576990868, 0.6155972238173781, 0.6133799558952209, 0.6110902176997702, 0.6088576501457967, 0.6065952950948617, 0.6044742938547081, 0.602391502892306, 0.6002605963636837, 0.5982315628238791, 0.596216509851116, 0.5941790302351395, 0.5922875038815973, 0.5903785442422785, 0.5884798516078527, 0.5865852973284525, 0.5847739119818326, 0.5829688495084432, 0.5812148670345321, 0.5794497939238342, 0.5776689662031667, 0.5759919719227544, 0.5743008471096512, 0.5726462700466514, 0.5710279000046827, 0.5694042257432875, 0.5678454164249311, 0.5662399881848046, 0.564705730064825, 0.563150532356856, 0.5616332759653758, 0.5601796281601661, 0.5586901970179026, 0.5572390361637797, 0.5558243793765103, 0.554418048169411, 0.5530579346344744, 0.5517014383099842, 0.5503136773164995, 0.549043791597227, 0.5476806884093111, 0.5464118758856348, 0.5451268945804205, 0.5439032284339488, 0.5426594017462911, 0.5414832954100164, 0.540265258798982, 0.539141308823441, 0.537968580780924, 0.5368533781420776, 0.5356999088654867, 0.5345965820164836, 0.5334703279746404, 0.532405603549503, 0.5313082614200499, 0.5302613979757833, 0.529227548866371, 0.5281917420441746, 0.5271683595600911, 0.5261925007550369, 0.5252095800276546, 0.5242350277758558, 0.5233079976421807, 0.5223130563355142, 0.5214081304280739, 0.5204511172303821, 0.5195627718563841, 0.5186353741229742, 0.5177687408054163, 0.5169054161819782, 0.5160343070600223, 0.51516577354958, 0.5143403042531492, 0.5134882784877156, 0.5126576857598973, 0.511857956710981, 0.5110287659427187, 0.5102687994482767, 0.5094340662729533, 0.5086619768742857, 0.5078876156752961, 0.5071327609384442, 0.5064111442097253, 0.5056667978549452, 0.5049517202375752, 0.5042340308210247, 0.5035249983681075, 0.5027902322645093, 0.502135729860328, 0.5014349504610366, 0.5007558502290032, 0.5000702369401214, 0.499392981833157, 0.4987683176816825, 0.4981267273804536, 0.49748769028180756, 0.49687027912071186, 0.49623652443452987, 0.4956338502886982, 0.4950214268679595, 0.49441795970291014, 0.49384338305257247, 0.49326588013774153, 0.4926600318335577, 0.49211678624241884, 0.4915535408711575, 0.49099493600437033, 0.4904534900200443, 0.4899049647393567, 0.48937734501289243, 0.4888603772899909, 0.488313307676544, 0.48781583840023374, 0.48731150524679606, 0.48681453286829574, 0.4863214280072188, 0.48581387045715435, 0.4853339422908309, 0.48488989986331643, 0.48438794438255905, 0.48393622261516683, 0.4834717587273697, 0.48300061245513737, 0.4825444043829662, 0.4820855216088877, 0.4816568914604197, 0.4811837583523266, 0.48074597778789174, 0.4803253892950781, 0.479906929328485, 0.47948659870160865, 0.47907205899660166, 0.47866678804716384, 0.47826496128199625, 0.47789458200052587, 0.4774710396710785, 0.4770988453283447, 0.47670806802658033, 0.47634587612132595, 0.47596170088246903, 0.4755992902167006, 0.47526076432832187, 0.4748491983682257, 0.47450873156827417, 0.4741637538816102, 0.4738077089976734, 0.473488094516744, 0.47313394302168993, 0.47279864560546087, 0.47246349771761453, 0.4721291012951411, 0.47180960371524394, 0.4714901834451073, 0.4711611585490452, 0.4708593335454786, 0.4705307713428594, 0.4702276094483695, 0.46991220816372764, 0.469611588364027, 0.4693409554134041, 0.469035860718396, 0.4687386846511549, 0.4684510415378315, 0.4681674644351203, 0.46786845413029127, 0.4676119667578249, 0.46730700446609774, 0.4670502301714535, 0.46676396560250744, 0.4665164633020783, 0.4662281792057641, 0.46596748265762417, 0.4657095631864761, 0.46544245558414277, 0.46521087796090943, 0.4649204799553531, 0.46468441273509603, 0.46442490994586516, 0.46417139455399875, 0.46392213891190814, 0.46368812193470504, 0.46344340292485403, 0.463201369341271, 0.4629810335698616, 0.46272984883999013, 0.46251285026248634, 0.4622891070870164, 0.4620549058525271, 0.4618305882720756, 0.46159942321516195, 0.4613966273980029, 0.46115636409447736, 0.4609354440424028, 0.4607079141710199, 0.46048427406771797, 0.4602828113978789, 0.4600769910009239, 0.45985760930464986, 0.45964768794333893, 0.45945749857060225, 0.45923304956344135, 0.4590295157982364, 0.45883122946951266, 0.4586108227242255, 0.458427220005208, 0.4582279390852791, 0.45802805879155295, 0.4578340807548747, 0.45765267873224996, 0.45746771520482876, 0.45727624859524185, 0.4570792563548441, 0.4569018068501403, 0.4567036631731608, 0.4565216902052822, 0.4563327660083769, 0.45616094915729455, 0.4559803553475348, 0.4557987225121446, 0.45563967362329116, 0.45545415215937723, 0.4552776027701471, 0.45510220386010464, 0.45494368441537114, 0.45476204052121927, 0.45459609162691794, 0.4544166796354422, 0.45425674573960517, 0.4540813796508616, 0.45391168285171185, 0.45375402670006193, 0.45359177434997183, 0.45341445731240915, 0.45326905103914905, 0.4531070119754721, 0.452936457115943, 0.45278381880759466, 0.45262315849686235, 0.45246288841560606, 0.45231745258838135, 0.45215820239511284, 0.45199716033104836, 0.45183428281038696, 0.4516916962019561, 0.4515399316325753, 0.4513762315694101, 0.4512253636863878, 0.451082702514776, 0.45092493889915786, 0.45077468440361834, 0.45063061475787397, 0.45048203188980557, 0.4503185167817009, 0.45018410169004686, 0.45003205872160146, 0.44989934129745357, 0.4497464500805084, 0.44961691998961106, 0.4494751552526036, 0.4493381337950943, 0.44920093394612676, 0.4490665464507404, 0.4489254436381498, 0.4488028552318262, 0.4486653052466842, 0.4485345174737691, 0.4484013457178564, 0.4482622956085881, 0.4481408896869552, 0.4480060623085382, 0.44788293610551827, 0.4477476731160769, 0.44762933319554304, 0.44749199764307307, 0.4473565026552399, 0.4472569309040593, 0.44711738416984126, 0.4470113225244329, 0.446863998611496, 0.44674390310654083, 0.44663098665119516, 0.4464988930067509, 0.44637400122773546, 0.44625166484756873, 0.44611889442207936, 0.44600287693120855, 0.4458873403630554, 0.4457433689759313, 0.4456200914846397, 0.4454948275829055, 0.4453654130574924, 0.4452382038427502, 0.44512629371041795, 0.44498900452475815, 0.4448862599344912, 0.4447720091168518, 0.444634072256777, 0.44450886678657575, 0.4443970421160245, 0.4442713751864976, 0.4441477242161898, 0.44403084473808085, 0.4439134101182946, 0.4437846876995803, 0.4436717683183816, 0.4435676000818163, 0.44344486532346883, 0.44332000316003545, 0.44321623613349603, 0.44309780107759555, 0.44298990439284197, 0.4428532979844155, 0.44274341226851466, 0.442638554447539, 0.4425330130725872, 0.4424088096309127, 0.4423059225722179, 0.44218757422662763, 0.4420715507346833, 0.44195286578532583, 0.44186212079084525, 0.4417339185057213, 0.44162811631520305, 0.44152735965740336, 0.4414062870319314, 0.44129475809021923, 0.44118854209618313, 0.4410752546602426, 0.4409681592923347, 0.4408544088274701, 0.4407457244116791, 0.4406523252394733, 0.4405470987577059, 0.44042342741666735, 0.44031291778659976, 0.4402134845813569, 0.44010415609976794, 0.44000580080503787, 0.4398989178807908, 0.4397793487124489, 0.43968199988937046, 0.4395740221501378, 0.43946861298327367, 0.439357448987689, 0.4392551431370494, 0.439145969124104, 0.43904041606458877, 0.4389334765096871, 0.43883404260071435, 0.438722807094128, 0.43861823712465614, 0.4385120465108443, 0.4383989554072371, 0.4382991561180082, 0.43819800160120104, 0.43807795518012743, 0.43797901466498923, 0.43786402216961096, 0.43776491784772603, 0.43765011011677746, 0.43755213866288256, 0.43744807285281595, 0.43734820096698956, 0.43724141707034886, 0.4371544909025058, 0.43704297361292926, 0.4369454804509944, 0.4368349935855499, 0.436742470503147, 0.4366393263054002, 0.4365329616000726, 0.4364406278662118, 0.43632521978026906, 0.4362213294632885, 0.4361255955464783, 0.43602812504604194, 0.43592544264387156, 0.43582413432094924, 0.4357268899961677, 0.43562950099352804, 0.4355412449581097, 0.4354313975866977, 0.43534170187134447, 0.4352459855561134, 0.4351385663488535, 0.435046670930651, 0.4349547774289981, 0.43485063996829976, 0.4347646067118213, 0.43467158956318724, 0.4345798233676118, 0.43447820385780667, 0.4343789860914621, 0.4342872348177954, 0.43419967726600345, 0.4341196099118225, 0.43400492851038774, 0.4339153051472963, 0.43381882390176474, 0.4337320380457361, 0.4336285805060887, 0.43354202246609547, 0.4334486513704612, 0.4333520425736675, 0.43325489102398385, 0.43316717590911424, 0.4330638186553519, 0.4329767454816125, 0.43289232953625495, 0.4327906318536993, 0.43269936306584583, 0.4326119374582248, 0.4325309843964125, 0.432419481520299, 0.4323240491093511, 0.43223324087772, 0.43214463048820784, 0.4320463565694132, 0.43195510204319465, 0.4318640971068502, 0.4317826916747677, 0.43168122649177965, 0.4315968917526769, 0.43149358129386584, 0.4314161422312878, 0.43131037964222524, 0.43122396208508496, 0.43112309445220526, 0.43104074168688644, 0.4309374119262983, 0.4308764306861215, 0.4307690831210025, 0.4306907315214766, 0.4305882839648302, 0.43049362881970793, 0.4303966042581929, 0.4303196414069228, 0.43022779914183534, 0.43013631125640506, 0.4300545740828263, 0.42994620479300727, 0.42985994454750104, 0.42977747338038885, 0.42967599476229495, 0.4295902598181295, 0.42949719326976454, 0.42941011307344407, 0.4293242444858105, 0.42923125213616437, 0.4291369175435855, 0.4290607679208458, 0.42896754899350686, 0.42887734253682697, 0.42878554193892454, 0.4287215524826443, 0.42861038550976666, 0.42850557563803315, 0.4283950276466303, 0.4282834828567758, 0.42817355933070034, 0.42806573348676513, 0.42796085834073494, 0.427859096741393, 0.4277599540354535, 0.42766400272787963, 0.4275709367697114, 0.4274795573421087, 0.42739040813347456, 0.42730297990135646, 0.42721723699532527, 0.42713284916873717, 0.42704976442245285, 0.42696795623437367, 0.42688764527942724, 0.42680790655241013, 0.4267292560559898, 0.42665180526889285, 0.4265753292700086, 0.4264995334617566, 0.42642383137061923, 0.42634866854632447, 0.4262740737613487, 0.4262003133125242, 0.42612639220696896, 0.42605304701446756, 0.42598015953431123, 0.4259071345744151, 0.42583458110906414, 0.4257620810491076, 0.42569014437126906, 0.4256181836903218, 0.42554599552903294, 0.42547428218394473, 0.4254027596913398, 0.42533197563067116, 0.42526106770699795, 0.42519071430270694, 0.42512004962092764, 0.4250494380904036, 0.4249792061235619, 0.42490939467912203, 0.4248394839176334, 0.4247694031780102, 0.4246994225597066, 0.4246294733702649, 0.42455992201517845, 0.42449022636332934, 0.42442079192853055, 0.4243517731868074, 0.4242827740265339, 0.4242139087155213, 0.4241454075652768, 0.4240772209299482, 0.4240088782234641, 0.4239406969972722, 0.4238722518411969, 0.4238040576821545, 0.4237363785985849, 0.42366882666083416, 0.4236012950139952, 0.42353446466083267, 0.4234679827078729, 0.4234019966701382, 0.423336001540568, 0.42327001173762674, 0.423204235543989, 0.4231383427822065, 0.4230729970930769, 0.4230078146325494, 0.42294305787645015, 0.4228779507272443, 0.4228131542111139, 0.42274838961687333, 0.4226836050832718, 0.4226191367135349, 0.4225551164624351, 0.4224905336729042, 0.42242665035064897, 0.42236227536064974, 0.42229774167108397, 0.4222329692937068, 0.4221684346401023, 0.42210394799520534, 0.4220393311459348, 0.42197468840628244, 0.4219103959193761, 0.42184573592510205, 0.4217814046268458, 0.42171766385428033, 0.4216535042975138, 0.4215890272034385, 0.4215252045679804, 0.4214612218876221, 0.42139674197942084, 0.42133263626688683, 0.4212691443635789, 0.42120550635027876, 0.4211422581548699, 0.4210790723246016, 0.4210163043739745, 0.4209534158115341, 0.42089065640127066, 0.42082828061510835, 0.4207657004416627, 0.42070354943685745, 0.4206412898683418, 0.42057930806533234, 0.4205184195399838, 0.4204575009013382, 0.42039669032430904, 0.4203360331073781, 0.4202760783991921, 0.4202162812447468, 0.4201565949971583, 0.42009749224596465, 0.4200383145666565, 0.4199798377069726, 0.41992135648218, 0.419862574674933, 0.4198041480226259, 0.4197460708525423, 0.41968810588243116, 0.41962985023493393, 0.4195716459645102, 0.41951316642948994, 0.4194554649270157, 0.4193975773280817, 0.4193396475949442, 0.4192821569037283, 0.4192243947715257, 0.41916665566086037, 0.4191094103220654, 0.41905180428503763, 0.41899382628839926, 0.41893551711098803, 0.4188776759285476, 0.418820385339096, 0.41876266424270536, 0.41870519362935016, 0.4186481776104688, 0.41859123411695304, 0.41853471054784364, 0.41847790613424957, 0.4184211144260704, 0.41836433997109385, 0.4183077646336833, 0.4182514867974589, 0.4181954830707886, 0.4181389161015534, 0.41808286218545226, 0.4180267847527435, 0.4179711952626807, 0.41791645113737963, 0.4178620183147504, 0.41780715535757096, 0.4177531069138524, 0.4176986568771299, 0.41764377638122524, 0.41758937477656927, 0.4175355284237147, 0.4174804718298399, 0.41742653498386073, 0.41737294734184427, 0.4173189878902428, 0.4172653851349855, 0.4172119341529971, 0.4171587304120549, 0.41710591179756534, 0.4170526782620499, 0.41699955575784564, 0.41694606211453633, 0.41689275156681577, 0.41683947739624083, 0.41678618091481634, 0.41673269074658975, 0.41667917968904755, 0.41662673063231, 0.41657316710974795, 0.4165199945425262, 0.41646686301173036, 0.4164140817535067, 0.41636095232319076, 0.4163076004820862, 0.4162550023884892, 0.4162018553125546, 0.4161484513548206, 0.4160949556154788, 0.41604128209338603, 0.4159878678197156, 0.4159342557619848, 0.41588068335745565, 0.41582704081693006, 0.4157735429599293, 0.4157203504724538, 0.41566724938524346, 0.4156141060061934, 0.4155613598137902, 0.4155083701486578, 0.4154562635697179, 0.4154041345015667, 0.4153520530785946, 0.41530046704051515, 0.41524912973156264, 0.4151970783862454, 0.41514536676422786, 0.415094040245532, 0.4150428127183955, 0.41499170037607447, 0.41494041987399605, 0.4148892786194537, 0.41483825536585117, 0.4147868696161085, 0.4147363278709504, 0.4146857774620471, 0.4146342921659812, 0.414583279556521, 0.4145330294864371, 0.41448198347122445, 0.4144313404788825, 0.4143802713377414, 0.4143293326086649, 0.4142785010441174, 0.41422834135702485, 0.4141779083048909, 0.41412754088018533, 0.4140783386097879, 0.41402897040899267, 0.4139799443327925, 0.4139309357019721, 0.41388164075092415, 0.4138326442878124, 0.41378396385572813, 0.4137349222324945, 0.4136862328621382, 0.413637423333924, 0.4135892182039674, 0.41354101182425396, 0.41349306602857927, 0.4134452278939691, 0.4133977203947308, 0.4133501184165116, 0.41330279877165405, 0.41325642521921313, 0.41320894014199305, 0.4131616866108739, 0.4131141277532928, 0.4130670024971054, 0.413019946293605, 0.4129723696271516, 0.41292545858752655, 0.4128781971777137, 0.4128315130346574, 0.4127847206340877, 0.4127382814722317, 0.4126915507277779, 0.4126454729134565, 0.41259915246958895, 0.4125531982126751, 0.4125074347079995, 0.4124620267086255, 0.4124163287741039, 0.4123715751960909, 0.41232687737369605, 0.4122817803335372, 0.41223745102371673, 0.41219274344684464, 0.4121483467889593, 0.41210411158945454, 0.41205976951717715, 0.4120151424499672, 0.4119717067962872, 0.4119279928634601, 0.4118841868141439, 0.4118401758693238, 0.41179653317678466, 0.41175236696673745, 0.41170932578264385, 0.41166541843036286, 0.4116213796953647, 0.4115772672346066, 0.41153340388682175, 0.41148924373219625, 0.4114453292572396, 0.41140102913801174, 0.411356693872333, 0.4113122524365213, 0.41126855444088106, 0.41122444952602755, 0.41118087516547963, 0.41113700518773344, 0.4110938779357593, 0.4110506429365012, 0.41100752674670193, 0.4109641594831454, 0.4109213122822444]
time to train 1.353714942932129
0.8069216757741348
(418,)
(418,)
0.84688995215311
f1 0.8048780487804879
accuracy 0.84688995215311
precision 0.75
recall 0.868421052631579
c_matrix [[222  44]
 [ 20 132]] 

time to test 0.11922717094421387