Best Parameters: {'learning_rate': 0.5, 'mutation_prob': 0.2, 'pop_size': 300} 

Ratio of Train Sizes Mean Train Score [0.86206897 0.84114286 0.82129278 0.81253561 0.81503417 0.81102662
 0.81270358 0.8034188  0.80860759 0.80205011] 

Ratio of Train Sizes Mean Test Score [0.74050228 0.66205895 0.69141137 0.71325861 0.64479452 0.72143213
 0.76231216 0.75498962 0.7696264  0.683022  ] 

Fitness [[7.67537467e+00 6.03000000e+02]
 [7.67537467e+00 9.04000000e+02]
 [7.67537467e+00 1.20500000e+03]
 [7.67537467e+00 1.50600000e+03]
 [7.67537467e+00 1.80700000e+03]
 [7.67537467e+00 2.10800000e+03]
 [7.67537467e+00 2.40900000e+03]
 [7.67537467e+00 2.71000000e+03]
 [7.67537467e+00 3.01100000e+03]
 [7.67537467e+00 3.31200000e+03]
 [7.67537467e+00 3.61300000e+03]
 [7.67537467e+00 3.91400000e+03]
 [7.67537467e+00 4.21500000e+03]
 [7.67537467e+00 4.51600000e+03]
 [7.67537467e+00 4.81700000e+03]
 [7.67537467e+00 5.11800000e+03]
 [7.67537467e+00 5.41900000e+03]
 [7.67537467e+00 5.72000000e+03]
 [7.67537467e+00 6.02100000e+03]
 [7.67537467e+00 6.32200000e+03]
 [7.67537467e+00 6.62300000e+03]
 [7.67537467e+00 6.92400000e+03]
 [7.67537467e+00 7.22500000e+03]
 [7.67537467e+00 7.52600000e+03]
 [7.67537467e+00 7.82700000e+03]
 [7.67537467e+00 8.12800000e+03]
 [7.48661124e+00 8.43000000e+03]
 [7.48661124e+00 8.73100000e+03]
 [7.48661124e+00 9.03200000e+03]
 [7.48661124e+00 9.33300000e+03]
 [7.48661124e+00 9.63400000e+03]
 [7.48661124e+00 9.93500000e+03]
 [7.48661124e+00 1.02360000e+04]
 [7.48661124e+00 1.05370000e+04]
 [7.48661124e+00 1.08380000e+04]
 [7.48661124e+00 1.11390000e+04]
 [7.48661124e+00 1.14400000e+04]
 [7.48661124e+00 1.17410000e+04]
 [7.48661124e+00 1.20420000e+04]
 [7.48661124e+00 1.23430000e+04]
 [7.48661124e+00 1.26440000e+04]
 [7.48661124e+00 1.29450000e+04]
 [7.48661124e+00 1.32460000e+04]
 [7.48661124e+00 1.35470000e+04]
 [7.48661124e+00 1.38480000e+04]
 [7.48661124e+00 1.41490000e+04]
 [7.48661124e+00 1.44500000e+04]
 [7.48661124e+00 1.47510000e+04]
 [7.48661124e+00 1.50520000e+04]
 [7.48661124e+00 1.53530000e+04]
 [7.48661124e+00 1.56540000e+04]
 [7.48661124e+00 1.59550000e+04]
 [7.48661124e+00 1.62560000e+04]
 [7.48661124e+00 1.65570000e+04]
 [7.48661124e+00 1.68580000e+04]
 [7.36079566e+00 1.71600000e+04]
 [7.36079566e+00 1.74610000e+04]
 [7.36079566e+00 1.77620000e+04]
 [7.36079566e+00 1.80630000e+04]
 [7.36079566e+00 1.83640000e+04]
 [7.36079566e+00 1.86650000e+04]
 [7.36079566e+00 1.89660000e+04]
 [7.36079566e+00 1.92670000e+04]
 [7.36079566e+00 1.95680000e+04]
 [7.36079566e+00 1.98690000e+04]
 [7.36079566e+00 2.01700000e+04]
 [7.36079566e+00 2.04710000e+04]
 [7.36079566e+00 2.07720000e+04]
 [7.36079566e+00 2.10730000e+04]
 [7.36079566e+00 2.13740000e+04]
 [7.36079566e+00 2.16750000e+04]
 [7.36079566e+00 2.19760000e+04]
 [7.36079566e+00 2.22770000e+04]
 [7.36079566e+00 2.25780000e+04]
 [7.36079566e+00 2.28790000e+04]
 [7.36079566e+00 2.31800000e+04]
 [7.36079566e+00 2.34810000e+04]
 [7.36079566e+00 2.37820000e+04]
 [7.36079566e+00 2.40830000e+04]
 [7.36079566e+00 2.43840000e+04]
 [7.36079566e+00 2.46850000e+04]
 [7.36079566e+00 2.49860000e+04]
 [7.36079566e+00 2.52870000e+04]
 [7.36079566e+00 2.55880000e+04]
 [7.36079566e+00 2.58890000e+04]
 [7.36079566e+00 2.61900000e+04]
 [7.36079566e+00 2.64910000e+04]
 [7.36079566e+00 2.67920000e+04]
 [7.36079566e+00 2.70930000e+04]
 [7.36079566e+00 2.73940000e+04]
 [7.36079566e+00 2.76950000e+04]
 [7.36079566e+00 2.79960000e+04]
 [7.36079566e+00 2.82970000e+04]
 [7.36079566e+00 2.85980000e+04]
 [7.36079566e+00 2.88990000e+04]
 [7.36079566e+00 2.92000000e+04]
 [7.29790608e+00 2.95020000e+04]
 [7.29790608e+00 2.98030000e+04]
 [7.29790608e+00 3.01040000e+04]
 [7.29790608e+00 3.04050000e+04]
 [7.29790608e+00 3.07060000e+04]
 [7.29790608e+00 3.10070000e+04]
 [7.29790608e+00 3.13080000e+04]
 [7.29790608e+00 3.16090000e+04]
 [7.29790608e+00 3.19100000e+04]
 [7.29790608e+00 3.22110000e+04]
 [7.29790608e+00 3.25120000e+04]
 [7.29790608e+00 3.28130000e+04]
 [7.29790608e+00 3.31140000e+04]
 [7.29790608e+00 3.34150000e+04]
 [7.29790608e+00 3.37160000e+04]
 [7.29790608e+00 3.40170000e+04]
 [7.23498518e+00 3.43190000e+04]
 [7.23498518e+00 3.46200000e+04]
 [7.23498518e+00 3.49210000e+04]
 [7.23498518e+00 3.52220000e+04]
 [7.23498518e+00 3.55230000e+04]
 [7.23498518e+00 3.58240000e+04]
 [7.23498518e+00 3.61250000e+04]
 [7.23498518e+00 3.64260000e+04]
 [7.23498518e+00 3.67270000e+04]
 [7.23498518e+00 3.70280000e+04]
 [7.23498518e+00 3.73290000e+04]
 [7.23498518e+00 3.76300000e+04]
 [7.23498518e+00 3.79310000e+04]
 [7.23498518e+00 3.82320000e+04]
 [7.23498518e+00 3.85330000e+04]
 [7.23498518e+00 3.88340000e+04]
 [7.23498518e+00 3.91350000e+04]
 [7.23498518e+00 3.94360000e+04]
 [7.23498518e+00 3.97370000e+04]
 [7.23498518e+00 4.00380000e+04]
 [7.23498518e+00 4.03390000e+04]
 [7.23498518e+00 4.06400000e+04]
 [7.23498518e+00 4.09410000e+04]
 [6.95186589e+00 4.12430000e+04]
 [6.95186589e+00 4.15440000e+04]
 [6.95186589e+00 4.18450000e+04]
 [6.95186589e+00 4.21460000e+04]
 [6.95186589e+00 4.24470000e+04]
 [6.95186589e+00 4.27480000e+04]
 [6.95186589e+00 4.30490000e+04]
 [6.95186589e+00 4.33500000e+04]
 [6.95186589e+00 4.36510000e+04]
 [6.95186589e+00 4.39520000e+04]
 [6.95186589e+00 4.42530000e+04]
 [6.95186589e+00 4.45540000e+04]
 [6.95186589e+00 4.48550000e+04]
 [6.95186589e+00 4.51560000e+04]
 [6.95186589e+00 4.54570000e+04]
 [6.95186589e+00 4.57580000e+04]
 [6.95186589e+00 4.60590000e+04]
 [6.95186589e+00 4.63600000e+04]
 [6.95186589e+00 4.66610000e+04]
 [6.95186589e+00 4.69620000e+04]
 [6.95186589e+00 4.72630000e+04]
 [6.95186589e+00 4.75640000e+04]
 [6.95186589e+00 4.78650000e+04]
 [6.95186589e+00 4.81660000e+04]
 [6.95186589e+00 4.84670000e+04]
 [6.95186589e+00 4.87680000e+04]
 [6.95186589e+00 4.90690000e+04]
 [6.95186589e+00 4.93700000e+04]
 [6.95186589e+00 4.96710000e+04]
 [6.95186589e+00 4.99720000e+04]
 [6.95186589e+00 5.02730000e+04]
 [6.95186589e+00 5.05740000e+04]
 [6.95186589e+00 5.08750000e+04]
 [6.95186589e+00 5.11760000e+04]
 [6.95186589e+00 5.14770000e+04]
 [6.95186589e+00 5.17780000e+04]
 [6.95186589e+00 5.20790000e+04]
 [6.95186589e+00 5.23800000e+04]
 [6.95186589e+00 5.26810000e+04]
 [6.95186589e+00 5.29820000e+04]
 [6.95186589e+00 5.32830000e+04]
 [6.95186589e+00 5.35840000e+04]
 [6.95186589e+00 5.38850000e+04]
 [6.95186589e+00 5.41860000e+04]
 [6.95186589e+00 5.44870000e+04]
 [6.95186589e+00 5.47880000e+04]
 [6.95186589e+00 5.50890000e+04]
 [6.95186589e+00 5.53900000e+04]
 [6.95186589e+00 5.56910000e+04]
 [6.95186589e+00 5.59920000e+04]
 [6.95186589e+00 5.62930000e+04]
 [6.95186589e+00 5.65940000e+04]
 [6.95186589e+00 5.68950000e+04]
 [6.95186589e+00 5.71960000e+04]
 [6.95186589e+00 5.74970000e+04]
 [6.95186589e+00 5.77980000e+04]
 [6.95186589e+00 5.80990000e+04]
 [6.95186589e+00 5.84000000e+04]
 [6.95186589e+00 5.87010000e+04]
 [6.95186589e+00 5.90020000e+04]
 [6.95186589e+00 5.93030000e+04]
 [6.95186589e+00 5.96040000e+04]
 [6.95186589e+00 5.99050000e+04]
 [6.95186589e+00 6.02060000e+04]
 [6.95186589e+00 6.05070000e+04]
 [6.95186589e+00 6.08080000e+04]
 [6.95186589e+00 6.11090000e+04]
 [6.95186589e+00 6.14100000e+04]
 [6.95186589e+00 6.17110000e+04]
 [6.95186589e+00 6.20120000e+04]
 [6.95186589e+00 6.23130000e+04]
 [6.95186589e+00 6.26140000e+04]
 [6.95186589e+00 6.29150000e+04]
 [6.95186589e+00 6.32160000e+04]
 [6.95186589e+00 6.35170000e+04]
 [6.95186589e+00 6.38180000e+04]
 [6.95186589e+00 6.41190000e+04]
 [6.95186589e+00 6.44200000e+04]
 [6.95186589e+00 6.47210000e+04]
 [6.95186589e+00 6.50220000e+04]
 [6.95186589e+00 6.53230000e+04]
 [6.95186589e+00 6.56240000e+04]
 [6.95186589e+00 6.59250000e+04]
 [6.95186589e+00 6.62260000e+04]
 [6.95186589e+00 6.65270000e+04]
 [6.95186589e+00 6.68280000e+04]
 [6.95186589e+00 6.71290000e+04]
 [6.95186589e+00 6.74300000e+04]
 [6.95186589e+00 6.77310000e+04]
 [6.95186589e+00 6.80320000e+04]
 [6.95186589e+00 6.83330000e+04]
 [6.95186589e+00 6.86340000e+04]
 [6.95186589e+00 6.89350000e+04]
 [6.95186589e+00 6.92360000e+04]
 [6.95186589e+00 6.95370000e+04]
 [6.95186589e+00 6.98380000e+04]
 [6.95186589e+00 7.01390000e+04]
 [6.95186589e+00 7.04400000e+04]
 [6.95186589e+00 7.07410000e+04]
 [6.95186589e+00 7.10420000e+04]
 [6.95186589e+00 7.13430000e+04]
 [6.95186589e+00 7.16440000e+04]
 [6.95186589e+00 7.19450000e+04]
 [6.95186589e+00 7.22460000e+04]
 [6.95186589e+00 7.25470000e+04]
 [6.95186589e+00 7.28480000e+04]
 [6.95186589e+00 7.31490000e+04]
 [6.95186589e+00 7.34500000e+04]
 [6.95186589e+00 7.37510000e+04]
 [6.95186589e+00 7.40520000e+04]
 [6.95186589e+00 7.43530000e+04]
 [6.95186589e+00 7.46540000e+04]
 [6.95186589e+00 7.49550000e+04]
 [6.95186589e+00 7.52560000e+04]
 [6.95186589e+00 7.55570000e+04]
 [6.95186589e+00 7.58580000e+04]
 [6.95186589e+00 7.61590000e+04]
 [6.95186589e+00 7.64600000e+04]
 [6.95186589e+00 7.67610000e+04]
 [6.95186589e+00 7.70620000e+04]
 [6.95186589e+00 7.73630000e+04]
 [6.95186589e+00 7.76640000e+04]
 [6.95186589e+00 7.79650000e+04]
 [6.95186589e+00 7.82660000e+04]
 [6.95186589e+00 7.85670000e+04]
 [6.95186589e+00 7.88680000e+04]
 [6.95186589e+00 7.91690000e+04]
 [6.95186589e+00 7.94700000e+04]
 [6.95186589e+00 7.97710000e+04]
 [6.95186589e+00 8.00720000e+04]
 [6.95186589e+00 8.03730000e+04]
 [6.95186589e+00 8.06740000e+04]
 [6.95186589e+00 8.09750000e+04]
 [6.95186589e+00 8.12760000e+04]
 [6.95186589e+00 8.15770000e+04]
 [6.95186589e+00 8.18780000e+04]
 [6.95186589e+00 8.21790000e+04]
 [6.95186589e+00 8.24800000e+04]
 [6.95186589e+00 8.27810000e+04]
 [6.95186589e+00 8.30820000e+04]
 [6.95186589e+00 8.33830000e+04]
 [6.95186589e+00 8.36840000e+04]
 [6.95186589e+00 8.39850000e+04]
 [6.95186589e+00 8.42860000e+04]
 [6.95186589e+00 8.45870000e+04]
 [6.95186589e+00 8.48880000e+04]
 [6.95186589e+00 8.51890000e+04]
 [6.95186589e+00 8.54900000e+04]
 [6.95186589e+00 8.57910000e+04]
 [6.95186589e+00 8.60920000e+04]
 [6.95186589e+00 8.63930000e+04]]
Time to Train: 59.07954668998718 

Test Accuracy: 0.8636363636363636 

Final Train Accuracy: 0.7987249544626593 

f1: 0.8403361344537815 
 accuracy: 0.8636363636363636 precision: 0.7317073170731707 
 recall: 0.9868421052631579
Confusion Matrix: [[211  55]
 [  2 150]] 

Time to Test: 0.09161114692687988 