       PassengerId       Pclass          Sex          Age        SibSp        Parch         Fare
count  1098.000000  1098.000000  1098.000000  1098.000000  1098.000000  1098.000000  1098.000000
mean     -0.021624    -0.111052     0.106857     0.010601    -0.007654     0.011317     0.069395
std       1.015757     1.037098     1.027408     1.034430     0.946710     0.975422     1.052189
min      -1.730108    -1.566107    -0.737695    -2.253155    -0.474545    -0.473674    -0.648422
25%      -0.896157    -1.566107    -0.737695    -0.592481    -0.474545    -0.473674    -0.488854
50%      -0.019439     0.827377    -0.737695     0.000000    -0.474545    -0.473674    -0.324253
75%       0.850474     0.827377     1.355574     0.407926     0.432793     0.457304     0.095367
max       1.730108     0.827377     1.355574     3.870872     6.784163     6.974147     9.667167
<class 'pandas.core.series.Series'>
Int64Index: 1098 entries, 0 to 796
Series name: target
Non-Null Count  Dtype
--------------  -----
1098 non-null   int64
dtypes: int64(1)
memory usage: 17.2 KB
None
0    549
1    549
Name: target, dtype: int64

 

[0.         0.00059119 0.0006033  0.00070836 0.0007286  0.00075896
 0.0007969  0.00080955 0.00081967 0.00082795 0.00083106 0.00083485
 0.00083485 0.0008369  0.00084586 0.00085003 0.00086738 0.00086935
 0.00087572 0.00088137 0.00088545 0.00089755 0.00090003 0.0009917
 0.00102984 0.00104793 0.00117753 0.00121433 0.00121433 0.00127377
 0.00134128 0.00134986 0.0013878  0.00141283 0.00145719 0.00148755
 0.00152705 0.00156128 0.00156128 0.00158687 0.00159211 0.00163934
 0.00167517 0.00171435 0.0017663  0.00176968 0.00184215 0.00191894
 0.00195096 0.00219491 0.00223133 0.00229835 0.00233888 0.00248203
 0.00260406 0.00266917 0.00273224 0.00297524 0.00301    0.00327869
 0.00329682 0.00329932 0.00332799 0.00336109 0.0034846  0.00355003
 0.00370686 0.00402699 0.00461374 0.00752441 0.00805711 0.00973874
 0.01056615 0.01804793 0.02222467 0.02815106 0.13606224]
Max Depth Mean Train Score [0.75592139 0.76639378 0.80464884 0.8249139  0.84768283 0.87159098
 0.89345005 0.91348499 0.93557029 0.95697249 0.97222563 0.98292582
 0.99294161 0.99635769 0.99886208 0.99954494 1.         1.
 1.         1.        ] 

Max Depth Mean Test Score [0.75594438 0.60467829 0.58463678 0.60371939 0.49462848 0.49828144
 0.52102947 0.53926526 0.5547281  0.55561644 0.56202989 0.56653798
 0.54830635 0.55375675 0.56013284 0.55649232 0.55740556 0.55740556
 0.55740556 0.55740556] 

Cost of Pruning Mean Train Score [1.         1.         1.         1.         0.99863429 0.99726833
 0.99704054 0.99704054 0.99704054 0.99704054 0.99704054 0.99704054
 0.99704054 0.99658496 0.99658496 0.99658496 0.99612938 0.99612938
 0.99612938 0.9956738  0.9956738  0.9956738  0.9956738  0.99362446
 0.99180291 0.99020916 0.9790508  0.97882326 0.97882326 0.9774573
 0.97404252 0.97404252 0.97222123 0.97222123 0.97062695 0.9690332
 0.96447972 0.96334207 0.96334207 0.96038079 0.95969742 0.95924184
 0.95855847 0.95354915 0.95195488 0.95195488 0.94762919 0.94284844
 0.94080014 0.92622518 0.92554181 0.92098963 0.92098963 0.91803069
 0.91575408 0.91393227 0.91074554 0.90231885 0.89731187 0.89071087
 0.88866075 0.88866075 0.88866075 0.88820569 0.88365506 0.88251611
 0.87796393 0.86566765 0.85656355 0.83470111 0.82991933 0.81443994
 0.80806492 0.7755054  0.76639378 0.76116057 0.60455555] 

Cost of Pruning Mean Test Score [0.55740556 0.55740556 0.55740556 0.55740556 0.55740556 0.5592362
 0.5592362  0.5592362  0.5592362  0.5592362  0.5592362  0.5592362
 0.5592362  0.55741802 0.55741802 0.55741802 0.55469074 0.55469074
 0.55469074 0.55469074 0.55469074 0.55469074 0.55469074 0.5537775
 0.55286841 0.55104608 0.56021586 0.56021586 0.56021586 0.55748028
 0.55930262 0.55930262 0.55930262 0.55930262 0.56204649 0.56022831
 0.55476131 0.55567455 0.55567455 0.55294728 0.55203819 0.55203819
 0.55294728 0.55384392 0.55475301 0.55475301 0.55202574 0.55385222
 0.55202574 0.5502034  0.5502034  0.54655874 0.54655874 0.5502034
 0.5502034  0.54019925 0.53655044 0.53018265 0.53110834 0.52563304
 0.51836032 0.51836032 0.51836032 0.51836032 0.51562059 0.5247115
 0.52653798 0.52014529 0.51283105 0.56286011 0.56558738 0.53552096
 0.53643421 0.60195102 0.60467829 0.6832171  0.59363221] 

Fitting 5 folds for each of 41580 candidates, totalling 207900 fits
best parameters {'ccp_alpha': 0.0, 'criterion': 'entropy', 'max_depth': 1, 'min_samples_leaf': 1}
Ratio of Train Sizes Mean Train Score [0.79310345 0.78857143 0.77186312 0.76695157 0.76173121 0.76007605
 0.75732899 0.75698006 0.75797468 0.75580866] 

Ratio of Train Sizes Mean Test Score [0.75594438 0.75594438 0.75594438 0.75594438 0.75594438 0.75594438
 0.75594438 0.75594438 0.75594438 0.75594438] 

0.75591985428051
(418,)
(418,)
1.0
time to test 0.004951000213623047
time to train 0.005217075347900391